200
    1    26    33
    2    48    40
    3    48    28
    4    28     7
    5    21     4
    6    31     9
    7    29    47
    8    13    43
    9    30    11
   10    24    40
   11     5    43
   12    27    39
   13    21    14
   14    32    34
   15    33     4
   16     6     6
   17    34    31
   18    42    16
   19     8    29
   20     9    34
   21     3    45
   22    41    13
   23    14    50
   24    32    26
   25    45    14
   26    20    26
   27    42    22
   28     3    47
   29    36    49
   30    50    47
   31    35    45
   32    44    17
   33     4    13
   34    27    41
   35    13    46
   36    19    17
   37    47    44
   38    45    22
   39    48    16
   40    11    30
   41    12     1
   42    13    19
   43    47    18
   44     5    15
   45    28    15
   46    39     4
   47    42    37
   48    14    37
   49    40    27
   50     9    16
   51     1    22
   52    30     8
   53    33    17
   54    25    14
   55    48    42
   56    50    43
   57    48    37
   58    44    14
   59    36    34
   60    29     8
   61     8     6
   62    36    34
   63    25    49
   64    15     6
   65    50     5
   66    41    24
   67    41    38
   68    37    46
   69     4    28
   70    29     5
   71    43    47
   72    33    13
   73    19    42
   74    21    33
   75     8    49
   76    40    24
   77    48    12
   78    33    19
   79    12    44
   80    13    32
   81    15    21
   82    42    41
   83    31     6
   84    10    17
   85     7    47
   86    32    41
   87    26     7
   88    35    36
   89     6    24
   90    26    23
   91    12    38
   92    13    40
   93    17     6
   94    28    13
   95    48    12
   96    20    19
   97    25    15
   98    48    46
   99    14    20
  100    22    34
  101     6    39
  102     5    46
  103    22    10
  104    39     4
  105     5    43
  106    25    50
  107    26    11
  108    26    46
  109    18    40
  110     4    33
  111     1    14
  112    38     3
  113    25    23
  114    35    43
  115    46    21
  116    17    30
  117    21    17
  118    33    31
  119    40    23
  120     5    50
  121    43    37
  122    36    34
  123    22     3
  124    19     2
  125    31    13
  126     4    38
  127     2    13
  128    24    49
  129    39    48
  130     4    27
  131     2    13
  132    23    35
  133    30    34
  134    44    16
  135    43    12
  136    41    46
  137    38    49
  138    17    32
  139    23    13
  140    17    30
  141    32    35
  142    46    42
  143     7    19
  144    19     7
  145    34     9
  146     6    14
  147    43    34
  148    25     7
  149     2    16
  150    24    10
  151    40    45
  152    42    40
  153    13     3
  154     3    40
  155    14    29
  156    16    44
  157    45    50
  158    39    35
  159    21    11
  160     3     1
  161    20    37
  162    15    14
  163    36    24
  164    41    37
  165    32     7
  166    17    48
  167    11    28
  168    22    11
  169     2    39
  170    11    23
  171    16    48
  172    28     5
  173    26    32
  174    18    23
  175    31    38
  176    10    48
  177     9    14
  178     4    31
  179    18    20
  180    24    37
  181    17    35
  182    37    42
  183    39    26
  184    21    22
  185    35    46
  186    45    43
  187     5    40
  188    44    17
  189    31    21
  190    43    19
  191    44    36
  192    23    32
  193    31    50
  194    10    22
  195    48    39
  196     7    25
  197    42     5
  198    26     3
  199    32    34
  200    38     5
2658