200
    1   835   735
    2  1670  1470
    3  3340  2940
    4  1087   987
    5  1087   987
    6   517   417
    7  1034   834
    8  2068  1668
    9  1034   834
   10   630   530
   11  1260  1060
   12  1260  1060
   13  1071   971
   14   165    65
   15   330   130
   16   495   195
   17   176    76
   18   663   563
   19  1326  1126
   20  1326  1126
   21   984   884
   22  1968  1768
   23  2952  2652
   24   829   729
   25  1658  1458
   26  3316  2916
   27   829   729
   28   663   563
   29  1326  1126
   30  1989  1689
   31  1086   986
   32  1086   986
   33   639   539
   34  1278  1078
   35  2556  2156
   36  1917  1617
   37   895   795
   38  1790  1590
   39  3580  3180
   40   888   788
   41  1776  1576
   42  3552  3152
   43  2664  2364
   44   232   132
   45   464   264
   46   928   528
   47   464   264
   48   472   372
   49   944   744
   50   691   591
   51  1382  1182
   52  2764  2364
   53  1052   952
   54  1052   952
   55  1057   957
   56  2114  1914
   57  2114  1914
   58   456   356
   59   912   712
   60   651   551
   61  1302  1102
   62  1953  1653
   63   711   611
   64  1422  1222
   65  1042   942
   66   232   132
   67   464   264
   68   696   396
   69  1099   999
   70  1099   999
   71  1029   929
   72  2058  1858
   73  4116  3716
   74   139    39
   75   297   197
   76   602   502
   77   602   502
   78   461   361
   79   922   722
   80   461   361
   81   231   131
   82   462   262
   83   924   524
   84   895   795
   85  1790  1590
   86  1790  1590
   87   888   788
   88  1776  1576
   89  2664  2364
   90   575   475
   91  1150   950
   92  2300  1900
   93   524   424
   94  1048   848
   95  1572  1272
   96  1063   963
   97  2126  1926
   98  1063   963
   99   912   812
  100  1824  1624
  101  3648  3248
  102  2736  2436
  103  1095   995
  104  2190  1990
  105  3285  2985
  106  1042   942
  107  2084  1884
  108  2084  1884
  109   770   670
  110  1540  1340
  111  3080  2680
  112   973   873
  113  1946  1746
  114  1017   917
  115   697   597
  116  1394  1194
  117  2788  2388
  118   697   597
  119   586   486
  120  1172   972
  121  1758  1458
  122   734   634
  123  1468  1268
  124  2936  2536
  125   734   634
  126   437   337
  127   874   674
  128   437   337
  129   365   265
  130   365   265
  131   794   694
  132  1588  1388
  133  2382  2082
  134   987   887
  135  1974  1774
  136  1974  1774
  137   258   158
  138   258   158
  139   907   807
  140  1814  1614
  141  3628  3228
  142  2721  2421
  143   304   204
  144   608   408
  145  1216   816
  146   912   612
  147   575   475
  148  1150   950
  149  2300  1900
  150  1725  1425
  151   300   200
  152   600   400
  153   979   879
  154  1958  1758
  155   220   120
  156   440   240
  157   660   360
  158   958   858
  159  1916  1716
  160  3832  3432
  161   303   203
  162   606   406
  163   606   406
  164   789   689
  165   789   689
  166   832   732
  167  1664  1464
  168   982   882
  169   851   751
  170  1702  1502
  171  3404  3004
  172   686   586
  173  1372  1172
  174   543   443
  175   543   443
  176   303   203
  177   606   406
  178   909   609
  179   864   764
  180  1728  1528
  181  3456  3056
  182   864   764
  183   522   422
  184  1044   844
  185  2088  1688
  186  1044   844
  187   703   603
  188  1406  1206
  189  2812  2412
  190  2109  1809
  191  1021   921
  192  2042  1842
  193  4084  3684
  194  2042  1842
  195   753   653
  196  1506  1306
  197  3012  2612
  198  2259  1959
  199   801   701
  200  1602  1402
112648